
Mode: 1 Time: 2.840394
Mode: 2 Time: 2.831344
Mode: 3 Time: 2.755840
