
Mode: 1 Time: 2.797708
Mode: 2 Time: 2.754273
Mode: 3 Time: 2.853850
