
Mode: 1 Time: 2.840050
Mode: 2 Time: 3.049972
Mode: 3 Time: 3.206996
